{
  "/gangqu/quyu1/": {
    "asset": {
      "generatetool": "cesiumlab2@www.cesiumlab.com/osgb2tiles3",
      "version": "1.0"
    },
    "geometricError": 4659.30338263184,
    "root": {
      "boundingVolume": {
        "box": [
          -69.6116943359375,
          961.318176269531,
          -38.2338409423828,
          1965.98474121094,
          0,
          0,
          0,
          1244.08074951172,
          0,
          0,
          0,
          120.183563232422
        ]
      },
      "children": [
        {
          "boundingVolume": {
            "box": [
              -69.6116943359375,
              961.318176269531,
              -38.2338409423828,
              1965.98474121094,
              0,
              0,
              0,
              1244.08074951172,
              0,
              0,
              0,
              120.183563232422
            ]
          },
          "content": {
            "uri": "top/0_0_0_0.json"
          },
          "geometricError": 2329.65169131592
        }
      ],
      "geometricError": 4659.30338263184,
      "transform": [
        -0.909528838370609,
        -0.415640821109057,
        0,
        0,
        0.160451639710345,
        -0.35110938596216,
        0.922484401170847,
        0,
        -0.383422173962948,
        0.839026165811927,
        0.386034363232684,
        0,
        -2446739.90921891,
        5354095.15718136,
        2446918.13027623,
        1
      ]
    }
  },
  "/gangqu/quyu2/": {
    "asset": {
      "generatetool": "cesiumlab2@www.cesiumlab.com/osgb2tiles3",
      "version": "1.0"
    },
    "geometricError": 3672.58824392051,
    "root": {
      "boundingVolume": {
        "box": [
          105.091430664063,
          -1063.49673461914,
          -51.2822170257568,
          1629.12182617188,
          0,
          0,
          0,
          843.343841552734,
          0,
          0,
          0,
          81.9105777740479
        ]
      },
      "children": [
        {
          "boundingVolume": {
            "box": [
              105.091430664063,
              -1063.49673461914,
              -51.2822170257568,
              1629.12182617188,
              0,
              0,
              0,
              843.343841552734,
              0,
              0,
              0,
              81.9105777740479
            ]
          },
          "content": {
            "uri": "top/0_0_0_0.json"
          },
          "geometricError": 1836.29412196026
        }
      ],
      "geometricError": 3672.58824392051,
      "transform": [
        -0.909528838370609,
        -0.415640821109057,
        0,
        0,
        0.160451639710345,
        -0.35110938596216,
        0.922484401170847,
        0,
        -0.383422173962948,
        0.839026165811927,
        0.386034363232684,
        0,
        -2446739.90921891,
        5354095.15718136,
        2446918.13027623,
        1
      ]
    }
  },
  "/gangqu/quyu3/": {
    "asset": {
      "generatetool": "cesiumlab2@www.cesiumlab.com/osgb2tiles3",
      "version": "1.0"
    },
    "geometricError": 1099.94516280771,
    "root": {
      "boundingVolume": {
        "box": [
          1111.70251464844,
          -1986.22747802734,
          -6.00187397003174,
          463.306640625,
          0,
          0,
          0,
          295.981018066406,
          0,
          0,
          0,
          14.5613870620728
        ]
      },
      "children": [
        {
          "boundingVolume": {
            "box": [
              1111.70251464844,
              -1986.22747802734,
              -6.00187397003174,
              463.306640625,
              0,
              0,
              0,
              295.981018066406,
              0,
              0,
              0,
              14.5613870620728
            ]
          },
          "content": {
            "uri": "top/0_0_0_0.json"
          },
          "geometricError": 549.972581403856
        }
      ],
      "geometricError": 1099.94516280771,
      "transform": [
        -0.909528838370609,
        -0.415640821109057,
        0,
        0,
        0.160451639710345,
        -0.35110938596216,
        0.922484401170847,
        0,
        -0.383422173962948,
        0.839026165811927,
        0.386034363232684,
        0,
        -2446739.90921891,
        5354095.15718136,
        2446918.13027623,
        1
      ]
    }
  }
}